1 4.54105693166588 0.612992999335859
2 6.33011446243398 1.68760402061719
3 -0.373935100486506 -7.43074495383172
4 -1.39127255840009 -7.97783634299469
5 -11.1607074854328 -15.7788875572494
6 -14.9996656127602 -17.9395109892426
7 -21.6986336603953 -29.1603144643316
8 -23.0780083237042 -27.0322871245908
9 -12.2504599300869 -20.7080276818273
10 -10.7218412967831 -10.8807221713352
11 -12.3277248522527 -8.83358372843816
12 -14.3409256973332 -10.3231113241825
13 -17.3846917026268 -14.0745109671537
14 -17.2805723224292 -12.727885147517
15 -3.82286899509216 -7.66029350679372
16 -3.59699224823993 -7.18028309828071
17 11.1929162966006 1.97561071280256
18 7.76716509641676 -0.705881581643609
19 1.13988076991711 -4.43317566648642
20 -1.65835266920391 -4.35607460803192
