1 -38.9808439110223 -45.0891516058308
2 -37.4360573120525 -44.0145405845495
3 -43.8698739630311 -53.3332435020049
4 -44.7419659222168 -53.880334891168
5 -56.1350417341245 -61.2805385550869
6 -58.9500564882808 -63.3900213955917
7 -66.4086462814579 -74.0691240902136
8 -65.6509975056818 -71.9338704407954
9 -57.1259425250703 -62.8489668856689
10 -54.6979623354567 -56.8867891513381
11 -52.8052237468873 -54.3876530354622
12 -54.8332396887898 -56.8914480748832
13 -59.8535213862858 -59.7228219959053
14 -59.2143673686311 -58.3761961762686
15 -51.2319379302627 -53.6593003378507
16 -48.8596303117734 -53.1823137814952
17 -35.93091187719 -43.8845483825759
18 -37.6135615521524 -46.566040677022
19 -42.3400016910741 -49.3929613939232
20 -42.8731179159408 -49.9666270682812
