1 -43.5219008426882 -45.7021446051666
2 -43.7661717744865 -45.7021446051667
3 -43.4959388625446 -45.9024985481732
4 -43.3506933638167 -45.9024985481732
5 -44.9743342486917 -45.5016509978375
6 -43.9503908755206 -45.4505104063491
7 -44.7100126210627 -44.9088096258821
8 -42.5729891819776 -44.9015833162046
9 -44.8754825949835 -42.1409392038416
10 -43.9761210386737 -46.0060669800029
11 -40.4774988946346 -45.554069307024
12 -40.4923139914566 -46.5683367507007
13 -42.468829683659 -45.6483110287516
14 -41.933795046202 -45.6483110287516
15 -47.4090689351705 -45.999006831057
16 -45.2626380635335 -46.0020306832145
17 -47.1238281737906 -45.8601590953784
18 -45.3807266485692 -45.8601590953784
19 -43.4798824609913 -44.9597857274368
20 -41.2147652467369 -45.6105524602493
