0 1 0.997319794674072 0.973269211405215
0.0625 0.993336561920993 0.998322636280372 0.965909054966909
0.125 0.973505970818247 0.996500285208006 0.955703213765959
0.1875 0.940982839425953 0.994813373824077 0.924304847565635
0.25 0.896543141606183 0.9922207805866 0.90171775865214
0.3125 0.841242132050784 0.966533977319907 0.902773263371387
0.375 0.77638439886155 0.955850120295151 0.811691471070909
0.4375 0.703486976094622 0.950835332094505 0.79583262138647
0.5 0.624236655516739 0.91528070535484 0.854660104777378
0.5625 0.54044281190754 0.841954110682498 0.858872839200153
0.625 0.453987188647396 0.696526944352878 0.622758437257217
0.6875 0.366772175883855 0.571161462969574 0.610873444245641
0.75 0.280669149673932 0.448346588911537 0.760045174837148
0.8125 0.197468426212242 0.213953504657573 0.53248816419472
0.875 0.11883232131598 -0.0833422503365837 0.0825711102984848
0.9375 0.0462526941369246 -0.298305732145321 0.207997103979068
1 -0.0189858004402204 -0.259791573442989 0.17637215425591
1.0625 -0.0758357187017175 -0.124968864227196 0.0027926352068031
1.125 -0.123509286079887 0.134010038684759 0.277656638385983
1.1875 -0.161492745475377 0.333283958077183 0.036684158361315
1.25 -0.189552298092967 0.182379701872602 -0.128316421669583
1.3125 -0.207731608437723 0.093007494478443 0.0528614841203676
1.375 -0.216341112247123 0.119396697605459 -0.121714431475573
1.4375 -0.215939622126092 -0.0858613174460368 -0.0970028532068888
1.5 -0.207308962173396 -0.234471411880266 -0.0751574043795455
1.5625 -0.191422572339956 -0.279406676201495 -0.0696017770423325
1.625 -0.16940919902848 -0.482009151236947 0.108015212710552
1.6875 -0.142512925117293 -0.509638111466505 0.0534474471076834
1.75 -0.112050886133071 -0.61892285809361 -0.0309251676920603
1.8125 -0.0793700671711492 -0.476198690090964 -0.183624531950206
1.875 -0.0458045764041148 -0.160212674253792 -0.185285524714042
1.9375 -0.0126347462544318 -0.0787852242389885 0.10847902991618
2 0.0189506752894911 -0.405537898542887 -0.0234139282809458
2.0625 0.0478881095271501 -0.185523927919779 -0.0478291154184277
2.125 0.0732675384192042 -0.0781896778628455 0.304041739875425
2.1875 0.0943549260235616 0.00798687011506108 0.163448199930815
2.25 0.11060810889399 0.114609347904395 -0.0853127013173881
2.3125 0.121685824206695 0.187041818920404 0.233360528376142
2.375 0.127449780717293 0.192501069298468 0.431415357255794
2.4375 0.127959912318117 0.186164317935383 0.464438866159871
2.5 0.123463179003572 0.232434212156429 0.487915489998672
2.5625 0.114376487953183 0.248040840698989 0.120921581160672
2.625 0.101264491410236 0.284540628662836 -0.0550512993787544
2.6875 0.0848131722056829 0.163534923515565 0.370559072187683
2.75 0.0658002474153715 0.0619393568786974 0.419562025171319
2.8125 0.045063502281667 0.124771064393324 0.250307272466951
2.875 0.0234682080935576 0.272910728015578 0.487193770009017
2.9375 0.00187477854765593 0.266925263787838 0.279823962782699
3 -0.0188922200171502 0.0357196406916157 0.436869667883671
3.0625 -0.0380726660471948 -0.130724396621617 0.362863731011687
3.125 -0.0549961606825058 -0.146675591880072 -0.264984455132338
3.1875 -0.0691032000143584 -0.171926498441831 0.0584026853158587
3.25 -0.0799616208231879 -0.102626402890632 -0.0317529341855191
3.3125 -0.087277882100372 -0.0930853998368081 -0.19359769807292
3.375 -0.090902938916592 -0.122922990696862 0.0486133369028037
3.4375 -0.090832663456608 -0.170017519060549 -0.00303596256625166
3.5 -0.0872029631954298 -0.322235844241796 0.273177516349647
3.5625 -0.0802799313861428 -0.232204745109345 0.297236920519789
3.625 -0.0704455338894665 -0.235508539358083 0.281093735905796
3.6875 -0.0581794832258203 -0.176173830596049 0.25674892480566
3.75 -0.0440380707915325 -0.201882762399462 0.126653497489615
3.8125 -0.0286308177202779 -0.229495698841972 0.179460822956299
3.875 -0.0125958613224654 -0.00657458351907996 0.27082419630596
3.9375 0.00342498392979411 -0.129643763523476 0.268664367271969
4 0.0188105643510577 -0.298871973572545 0.0480072310326597
4.0625 0.0329832431512421 -0.329820479023661 0.0633876518883267
4.125 0.0454294706206773 -0.108345401421043 0.0403772713544037
4.1875 0.0557173685022419 -0.0797382710549758 -0.0126386867528636
4.25 0.0635107559947318 -0.106671282140163 0.387496328312518
4.3125 0.0685791901798789 0.0132041717460262 0.406577522072549
4.375 0.070803751347204 -0.106635428638684 0.263377558573443
4.4375 0.0701784676838464 -0.268867251871623 0.00965169345737008
4.5 0.0668074379629769 -0.13165308345015 0.0780670495935642
4.5625 0.0608978691774644 -0.127309383206094 0.269243989465875
4.625 0.0527493928274284 0.0485487200413823 0.456028539110355
4.6875 0.0427401536157265 0.00901728168403581 0.411084481623571
4.75 0.0313102731811599 -0.18149454196096 -0.12980110460784
4.8125 0.0189433756156759 -0.0970118379497156 0.216310703168226
4.875 0.00614691826005033 -0.0481304348112664 0.3841944561016
4.9375 -0.0065679008970271 -0.18930444409861 0.280610271146774
5 -0.0187058894300283 -0.111376855629125 0.0908599302630211
5.0625 -0.0298065207739797 0.0546766688020875 0.0444924271216129
5.125 -0.0394608263731286 0.19401884739844 0.369403382539716
5.1875 -0.0473259190908169 -0.168722862854946 -0.107815038287817
5.25 -0.0531366497653419 -0.300737837149072 -0.207234730711346
5.3125 -0.0567140178642349 -0.116658868908092 0.139872128108949
5.375 -0.0579700880717816 0.0905182933029798 0.0931202575342659
5.4375 -0.056909302209674 0.378692350139303 0.217105443454167
5.5 -0.0536262148496364 0.276013764849984 -0.30013988350019
5.5625 -0.0482998160841104 0.084392197297643 -0.448892708711019
5.625 -0.0411847311694333 -0.0301867077929087 -0.0713459610742489
5.6875 -0.0325996995597582 0.0718154933350847 0.149720441556595
5.75 -0.0229138312097444 0.103273064029199 0.276203783793158
5.8125 -0.0125312126665159 0.319041564155923 -0.00891039782164295
5.875 -0.00187448696009821 0.471954455729877 -0.230985911420317
5.9375 0.00863194188538073 0.144759480590443 -0.247903968310506
6 0.0185784273252983 -0.17221970106155 -0.0882307935867709
6.0625 0.0275856926304252 -0.13804507976123 0.0646229185554493
6.125 0.0353189547500913 0.0706993616448755 -0.287594418050115
6.1875 0.0415000454760444 0.0982884132337031 -0.327885899837672
6.25 0.0459171021455705 0.0597791676913926 -0.256749154557873
6.3125 0.0484315013349286 0.133301260611132 -0.0968946521917817
6.375 0.0489818208462241 0.0853511293029482 -0.229017145734046
6.4375 0.0475847333396044 0.265839178665602 0.00874544944481597
6.5 0.0443328546036451 0.167243431531142 -0.255863848223945
6.5625 0.0393896861009348 0.0482685016276404 0.122251584654818
6.625 0.0329819006732524 0.145856942163206 0.453770419473598
6.6875 0.0253893180946274 0.266411791886564 0.200851115596512
6.75 0.016932999975582 0.0258301470743412 0.159431289423017
6.8125 0.00796195843091271 -0.265213809576607 -0.511048571090668
6.875 -0.00116098226096186 -0.212923620937095 -0.475695103250325
6.9375 -0.0100736084425818 -0.084606549389867 0.0626777619768764
7 -0.0184284604276337 -0.207648960116277 0.339159842064994
7.0625 -0.0259061529405878 -0.298248910613924 0.0607301096165239
7.125 -0.032227370155317 -0.175646298364761 0.137042266949464
7.1875 -0.0371630925089163 0.0719489026097071 -0.107734895880531
7.25 -0.0405426882260306 -0.149619677939868 -0.0638799991726625
7.3125 -0.0422595911750517 -0.297565597353385 0.0487538630364415
7.375 -0.0422743846776534 -0.244349938511442 0.315144416689034
7.4375 -0.0406152142918708 -0.160381279779651 0.330007716023512
7.5 -0.0373755573224893 -0.131255936782142 0.131631411992111
7.5625 -0.0327094788266464 -0.0746702345599162 0.13090810999783
7.625 -0.026824599287744 -0.126682746284938 0.0150091082205135
7.6875 -0.0199730843490288 -0.113397071990902 -0.0190129479486896
7.75 -0.0124410388959584 -0.124206804625136 0.0958575983347181
7.8125 -0.00453674377845848 -0.607575560490707 -0.180634254382772
7.875 0.00342178835538511 -0.352292913895716 -0.0209566298477868
7.9375 0.0111194424952961 0.259709600885909 -0.24571412677485
8 0.0182563207018444 0.286737684349272 -0.375820752126363
