0 1 0.97837524544768 0.991227689781667
0.0625 0.993336561920993 0.979560273305064 0.976423101768742
0.125 0.973505970818247 0.967839427059579 0.965954558880591
0.1875 0.940982839425953 0.942873040788215 0.975834761971178
0.25 0.896543141606183 0.898431335971318 0.944763132079937
0.3125 0.841242132050784 0.842821612753866 0.920948403813146
0.375 0.77638439886155 0.770606751160195 0.879641186713759
0.4375 0.703486976094622 0.714549824640501 0.663054320714408
0.5 0.624236655516739 0.640342155188409 0.310039635741781
0.5625 0.54044281190754 0.564239198196434 0.107321930093237
0.625 0.453987188647396 0.466934376221914 0.203971526632599
0.6875 0.366772175883855 0.394304359294131 0.25481387174139
0.75 0.280669149673932 0.301448111599526 0.297948693700483
0.8125 0.197468426212242 0.209265751936089 0.0424052054748367
0.875 0.11883232131598 0.100910630401395 -0.173039740299278
0.9375 0.0462526941369246 0.106480617242804 0.276924707187155
1 -0.0189858004402204 0.102852850848013 0.257120153306652
1.0625 -0.0758357187017175 -0.0395062614148072 0.244482533225309
1.125 -0.123509286079887 -0.10457142118871 -0.37117092794773
1.1875 -0.161492745475377 -0.153195811309788 -0.414569557760589
1.25 -0.189552298092967 -0.173824038880711 -0.141637137414544
1.3125 -0.207731608437723 -0.201163243651505 0.0527766735677855
1.375 -0.216341112247123 -0.221748192511527 0.350213833493812
1.4375 -0.215939622126092 -0.220371897167041 0.358405049339689
1.5 -0.207308962173396 -0.192946883595176 0.262649944626494
1.5625 -0.191422572339956 -0.185692879824345 -0.0630518954603817
1.625 -0.16940919902848 -0.197623048474353 -0.000344645826688385
1.6875 -0.142512925117293 -0.168422825534183 -0.0923469134519471
1.75 -0.112050886133071 -0.121030476742303 0.324341102993375
1.8125 -0.0793700671711492 -0.0989305436099474 0.448682225611849
1.875 -0.0458045764041148 -0.061211638000419 0.0066934125872846
1.9375 -0.0126347462544318 -0.0217514169530999 0.0579979566214699
2 0.0189506752894911 0.0289678914897942 0.336149525660255
2.0625 0.0478881095271501 0.045474855103444 0.336457942259757
2.125 0.0732675384192042 0.0867196969746003 0.370152281903496
2.1875 0.0943549260235616 0.0900623731504769 0.188500677243403
2.25 0.11060810889399 0.0842644462665501 -0.0618993143715859
2.3125 0.121685824206695 0.107775026734699 -0.0074800894046483
2.375 0.127449780717293 0.118121689584752 -0.0532039466707499
2.4375 0.127959912318117 0.117950613058573 -0.0528723509859788
2.5 0.123463179003572 0.109432329218363 -0.0427044856964946
2.5625 0.114376487953183 0.107993654099973 0.125198911029083
2.625 0.101264491410236 0.112288135205093 0.158624831083645
2.6875 0.0848131722056829 0.0974728966208443 0.134356338959288
2.75 0.0658002474153715 0.0966044018854557 -0.0398732784051865
2.8125 0.045063502281667 0.0699062246223207 0.00992949941662558
2.875 0.0234682080935576 0.024673728227483 0.425466766375288
2.9375 0.00187477854765593 -0.00328193474003434 0.219370276031725
3 -0.0188922200171502 -0.0477321742222837 -0.0222711918740049
3.0625 -0.0380726660471948 -0.0399303880829439 0.173669594047417
3.125 -0.0549961606825058 -0.0692641444422969 0.27829032013817
3.1875 -0.0691032000143584 -0.0712255605587801 0.396808006861414
3.25 -0.0799616208231879 -0.0826757921774234 0.134016649918989
3.3125 -0.087277882100372 -0.0919494671134245 -0.0559241743110247
3.375 -0.090902938916592 -0.0944225768471751 -0.211457633359862
3.4375 -0.090832663456608 -0.094210306292865 0.0056010916353114
3.5 -0.0872029631954298 -0.0801207035335666 -0.19269980592424
3.5625 -0.0802799313861428 -0.0783223384670532 -0.434214293089888
3.625 -0.0704455338894665 -0.0560979567217986 -0.226407657608779
3.6875 -0.0581794832258203 -0.0586243070242495 0.265059635571382
3.75 -0.0440380707915325 -0.0469601784388454 0.261227540519611
3.8125 -0.0286308177202779 -0.037437628388189 -0.0394447738744451
3.875 -0.0125958613224654 -0.0872709512666628 0.0387722083065433
3.9375 0.00342498392979411 -0.106469050631575 -0.00780931573492127
4 0.0188105643510577 0.00760756697988568 0.0833061714795671
4.0625 0.0329832431512421 0.0219708200749761 0.442035306009348
4.125 0.0454294706206773 0.0467168108715047 0.392548324250649
4.1875 0.0557173685022419 0.0600123511592892 0.347630641981484
4.25 0.0635107559947318 0.0747148203900776 0.322447573388647
4.3125 0.0685791901798789 0.0737729567292679 0.0217558878443826
4.375 0.070803751347204 0.0850327072461239 0.181090757433773
4.4375 0.0701784676838464 0.0832682908813796 0.32864552529195
4.5 0.0668074379629769 0.0761479275481404 0.456478609974429
4.5625 0.0608978691774644 0.0627317403789411 0.416303335672773
4.625 0.0527493928274284 0.0467840884293409 0.0345633942292354
4.6875 0.0427401536157265 0.0699216352456622 0.139056200176304
4.75 0.0313102731811599 0.0607753537715839 0.311834967987169
4.8125 0.0189433756156759 0.020947383427473 0.693724084276367
4.875 0.00614691826005033 -0.0862899402091862 0.2783908766688
4.9375 -0.0065679008970271 -0.105629366698189 0.301255460599919
5 -0.0187058894300283 -0.0371324797572158 0.303268455405901
5.0625 -0.0298065207739797 -0.0305593186919676 0.168462057795087
5.125 -0.0394608263731286 -0.044194920512642 0.377266024350517
5.1875 -0.0473259190908169 -0.0704700596346038 0.131634602307754
5.25 -0.0531366497653419 -0.0499809163382909 -0.114327676321841
5.3125 -0.0567140178642349 -0.0618964737021281 0.10064771724092
5.375 -0.0579700880717816 -0.0516228780066699 0.634351572034151
5.4375 -0.056909302209674 -0.056530279422508 0.608537130662681
5.5 -0.0536262148496364 -0.0528437690344809 0.0926534143293983
5.5625 -0.0482998160841104 -0.0421855154189973 0.157018360993353
5.625 -0.0411847311694333 -0.0555887096026505 0.521925130430663
5.6875 -0.0325996995597582 -0.0418865059497036 0.632764700379055
5.75 -0.0229138312097444 -0.0430124194340826 0.224034676244987
5.8125 -0.0125312126665159 0.0218828771342599 -0.181761624246642
5.875 -0.00187448696009821 0.247479340358673 0.091261444572233
5.9375 0.00863194188538073 0.163631858173532 0.18827729684202
6 0.0185784273252983 0.024287251061983 0.319460246504847
6.0625 0.0275856926304252 0.050224955773797 0.318140403285773
6.125 0.0353189547500913 0.0556496484564402 0.258822143364446
6.1875 0.0415000454760444 0.0570392880892633 0.270173962469212
6.25 0.0459171021455705 0.0527770220762296 0.255501812573863
6.3125 0.0484315013349286 0.064220153260987 0.129931609331893
6.375 0.0489818208462241 0.0659448169259507 0.0744735983815875
6.4375 0.0475847333396044 0.0532880210615532 -0.0341312138574031
6.5 0.0443328546036451 0.0427339733784259 -0.0185937163036916
6.5625 0.0393896861009348 0.0326955398167801 0.0160170534517963
6.625 0.0329819006732524 0.0342756866002426 -0.350905054455583
6.6875 0.0253893180946274 0.0209123442353631 -0.392387938700678
6.75 0.016932999975582 0.0547244693638207 -0.179836542473941
6.8125 0.00796195843091271 0.109996851313892 -0.361154778426231
6.875 -0.00116098226096186 0.0129769671018574 0.172076394572587
6.9375 -0.0100736084425818 -0.0122075917500782 0.249687313883852
7 -0.0184284604276337 -0.0267066157514194 -0.302588585090718
7.0625 -0.0259061529405878 -0.0217049727051918 -0.372523884953618
7.125 -0.032227370155317 -0.0363676977849947 -0.107211947891885
7.1875 -0.0371630925089163 -0.0515757034996884 0.109763400691483
7.25 -0.0405426882260306 -0.0495225092622506 -0.0642283249214721
7.3125 -0.0422595911750517 -0.037095553650384 0.111369800292599
7.375 -0.0422743846776534 -0.0414735593334036 0.419382465309455
7.4375 -0.0406152142918708 -0.0456293828413598 0.0673951130577256
7.5 -0.0373755573224893 -0.0420671413897193 0.0146171476300712
7.5625 -0.0327094788266464 -0.0404983113164712 -0.174799516193734
7.625 -0.026824599287744 -0.0227550535091108 0.0920120003915933
7.6875 -0.0199730843490288 -0.0203646863256878 0.23292655705975
7.75 -0.0124410388959584 0.00517862457811104 0.286076989841973
7.8125 -0.00453674377845848 -0.0704541608994262 0.0993594927670855
7.875 0.00342178835538511 -0.204682078509725 0.062524859052254
7.9375 0.0111194424952961 0.00609487135868852 0.166796331081204
8 0.0182563207018444 0.0542716179326042 0.185282530157328
