0 1 0.996688208569913 0.977827980195719
0.0625 0.993336561920993 0.999190479386177 0.99105297965441
0.125 0.973505970818247 0.997584603631413 0.988817003524659
0.1875 0.940982839425953 0.994978732062684 0.97389026294861
0.25 0.896543141606183 0.994592506919135 0.948626442655976
0.3125 0.841242132050784 0.990723609061654 0.88100208866026
0.375 0.77638439886155 0.979173476474005 0.800709516468274
0.4375 0.703486976094622 0.965617948144792 0.722866553093075
0.5 0.624236655516739 0.946095348433549 0.792655419971383
0.5625 0.54044281190754 0.925177275467517 0.818771934728355
0.625 0.453987188647396 0.775073901600471 0.44950445589499
0.6875 0.366772175883855 0.770586384842366 0.264613444910678
0.75 0.280669149673932 0.805794873679317 0.518350776935946
0.8125 0.197468426212242 0.431160350137383 0.45841843778034
0.875 0.11883232131598 0.119822097316478 0.131834075577938
0.9375 0.0462526941369246 -0.281627269131013 0.182087383661839
1 -0.0189858004402204 -0.326702086539326 0.105264064344656
1.0625 -0.0758357187017175 -0.201838891677446 -0.0258987116192514
1.125 -0.123509286079887 -0.220960874372743 0.00023215679830249
1.1875 -0.161492745475377 -0.241950529004839 -0.300650016499463
1.25 -0.189552298092967 -0.246270372558966 -0.313109406951347
1.3125 -0.207731608437723 -0.256685995732628 -0.252978492842382
1.375 -0.216341112247123 -0.221866820382772 -0.293149427350036
1.4375 -0.215939622126092 -0.238020922639816 -0.325500525686858
1.5 -0.207308962173396 -0.219815364295192 -0.0921732911894648
1.5625 -0.191422572339956 -0.222931606911531 0.173635123471313
1.625 -0.16940919902848 -0.243702175537615 0.188175279807489
1.6875 -0.142512925117293 -0.22551902798868 -0.131337322553045
1.75 -0.112050886133071 -0.120257380731752 -0.103722392618265
1.8125 -0.0793700671711492 -0.0765867214656575 -0.233211491206372
1.875 -0.0458045764041148 -0.0447670287128558 -0.276522361143772
1.9375 -0.0126347462544318 -0.166063059213205 -0.0564498646760363
2 0.0189506752894911 -0.25621083857383 0.0892475242834319
2.0625 0.0478881095271501 0.0320989760748193 0.160395501813321
2.125 0.0732675384192042 0.0602005615735649 0.263122779883691
2.1875 0.0943549260235616 0.0795055777307371 0.0978322125556931
2.25 0.11060810889399 0.111759616905867 -0.28533484765781
2.3125 0.121685824206695 0.128751252490342 -0.267173152141261
2.375 0.127449780717293 0.146884783172735 -0.0687678023433564
2.4375 0.127959912318117 0.139173281132361 0.0102590439472078
2.5 0.123463179003572 0.119959299582286 0.00616151895650648
2.5625 0.114376487953183 0.115484059602806 0.216306997648978
2.625 0.101264491410236 0.101585046385886 0.346349585394826
2.6875 0.0848131722056829 0.083178230132692 0.300254003567843
2.75 0.0658002474153715 0.0774021890435064 -0.0404603569966855
2.8125 0.045063502281667 0.0560279896620804 0.0622699431278735
2.875 0.0234682080935576 0.0315919809319496 0.317855443035216
2.9375 0.00187477854765593 0.0507040143143888 0.202948308048684
3 -0.0188922200171502 -0.0331639543978466 0.152680517621378
3.0625 -0.0380726660471948 -0.0342272987534939 0.0568907482232131
3.125 -0.0549961606825058 -0.0672153588987064 -0.189617949729579
3.1875 -0.0691032000143584 -0.0764231671316672 -0.128395410950084
3.25 -0.0799616208231879 -0.0790957807361276 0.0348702308243595
3.3125 -0.087277882100372 -0.100871429382857 -0.165596566954081
3.375 -0.090902938916592 -0.0761248811395225 -0.181970063595975
3.4375 -0.090832663456608 -0.0808588217949819 -0.066356492389223
3.5 -0.0872029631954298 -0.087497472942538 0.16796309749012
3.5625 -0.0802799313861428 -0.0868863246807978 -0.0752009695624363
3.625 -0.0704455338894665 -0.0842136929151129 -0.174918400084348
3.6875 -0.0581794832258203 -0.0560899963638535 0.0491261647727223
3.75 -0.0440380707915325 -0.0385350702174252 0.377089047638488
3.8125 -0.0286308177202779 -0.00345365084024866 -0.0108839106883695
3.875 -0.0125958613224654 0.213098824734195 -0.0743663327765107
3.9375 0.00342498392979411 0.234168086281412 -0.0596848202942559
4 0.0188105643510577 0.0746100707778146 0.0425653461246794
4.0625 0.0329832431512421 0.0304230172182875 0.0585572436072806
4.125 0.0454294706206773 0.0330215252512576 0.115593156943101
4.1875 0.0557173685022419 0.0643269431224989 0.0894697049356118
4.25 0.0635107559947318 0.0708227350449396 0.0360378720798086
4.3125 0.0685791901798789 0.0772933107768371 0.246650663275977
4.375 0.070803751347204 0.074335837836331 0.233234274784811
4.4375 0.0701784676838464 0.0647350347559394 -0.0515395453463906
4.5 0.0668074379629769 0.069036993476988 -0.0715820594638953
4.5625 0.0608978691774644 0.0815494483457385 0.102194623953173
4.625 0.0527493928274284 0.0544893352235201 0.185567275761126
4.6875 0.0427401536157265 0.031176693244596 0.270264465995117
4.75 0.0313102731811599 0.0364965204763252 0.193294171192547
4.8125 0.0189433756156759 0.0436120714863382 0.324247965168859
4.875 0.00614691826005033 0.157142242831113 0.262731258203381
4.9375 -0.0065679008970271 0.242033488110087 0.389158561332062
5 -0.0187058894300283 0.0282170877709218 0.232868400635768
5.0625 -0.0298065207739797 -0.0338347790945723 -0.032457222025604
5.125 -0.0394608263731286 -0.0564996756284982 -0.122318693463114
5.1875 -0.0473259190908169 -0.0635974299057395 -0.238428266022155
5.25 -0.0531366497653419 -0.0522799450996438 0.113122091850616
5.3125 -0.0567140178642349 -0.06519800705052 0.0771281941659679
5.375 -0.0579700880717816 -0.0548405943714944 0.129333243334516
5.4375 -0.056909302209674 -0.0499522017154377 -0.12968077373605
5.5 -0.0536262148496364 -0.0572688841387073 -0.548243537861285
5.5625 -0.0482998160841104 -0.0670914199383211 -0.742317609616997
5.625 -0.0411847311694333 -0.0476057870264967 -0.629418051858811
5.6875 -0.0325996995597582 -0.0279799311671816 -0.0818656983091777
5.75 -0.0229138312097444 -0.0102249725334815 0.24408737025217
5.8125 -0.0125312126665159 0.0224040937934985 -0.0448794793670087
5.875 -0.00187448696009821 0.3103720316453 0.0453231347862937
5.9375 0.00863194188538073 0.271964376251267 0.271095005166681
6 0.0185784273252983 0.0282273844430864 0.112447139787298
6.0625 0.0275856926304252 0.0173372081373399 -0.0926013903304279
6.125 0.0353189547500913 0.0143189438995014 -0.450860665510443
6.1875 0.0415000454760444 0.0339569673999154 -0.337758529954498
6.25 0.0459171021455705 0.051743811329944 0.117293316184576
6.3125 0.0484315013349286 0.0844346935573364 0.563307489129654
6.375 0.0489818208462241 0.0830956776132365 0.479165329068427
6.4375 0.0475847333396044 0.0548091827193894 0.289650021947453
6.5 0.0443328546036451 0.0336662288190186 0.00870223705011388
6.5625 0.0393896861009348 0.03027617787431 -0.00732785676044355
6.625 0.0329819006732524 0.0350424609665785 0.240973698024067
6.6875 0.0253893180946274 0.0283258261695709 0.404650720258096
6.75 0.016932999975582 0.0233260669987778 0.186674763031329
6.8125 0.00796195843091271 0.0342177773161196 0.188419234528564
6.875 -0.00116098226096186 -0.0506981524492597 0.445180929680757
6.9375 -0.0100736084425818 -0.0162597049310312 0.533601684255591
7 -0.0184284604276337 -0.0203201105472709 0.562383417060357
7.0625 -0.0259061529405878 -0.0361459282549281 0.0694958997222273
7.125 -0.032227370155317 -0.0385900678920959 0.307304909836918
7.1875 -0.0371630925089163 -0.0386776984816685 0.451009122393119
7.25 -0.0405426882260306 -0.0333353177132276 0.286641054630833
7.3125 -0.0422595911750517 -0.0300069430677097 0.356293120014307
7.375 -0.0422743846776534 -0.0599169723145678 0.433705428946052
7.4375 -0.0406152142918708 -0.0547439859461219 0.219635631338098
7.5 -0.0373755573224893 -0.0414222409077204 0.36456718352722
7.5625 -0.0327094788266464 -0.0536784213927772 0.231569929594908
7.625 -0.026824599287744 -0.0545643923387148 0.0631286658984827
7.6875 -0.0199730843490288 -0.0237593727113402 -0.187148831209487
7.75 -0.0124410388959584 -0.0514553182035125 0.483395214518438
7.8125 -0.00453674377845848 -0.211519150276227 0.764681925970223
7.875 0.00342178835538511 -0.19645952617747 0.58254406863023
7.9375 0.0111194424952961 0.015694278356099 0.00150310553926423
8 0.0182563207018444 0.0251703266689248 -0.0814012812986107
