0 1 0.995269396348399 0.952839837208038
0.0625 0.993336561920993 0.998999910832961 0.978633986608816
0.125 0.973505970818247 0.99736794089312 0.912735275316421
0.1875 0.940982839425953 0.996521065103099 0.815092683671661
0.25 0.896543141606183 0.994925035188976 0.82234748052732
0.3125 0.841242132050784 0.9827985924498 0.78648463716158
0.375 0.77638439886155 0.982039415804624 0.801350429000007
0.4375 0.703486976094622 0.978727912595144 0.745798164338998
0.5 0.624236655516739 0.953952695997796 0.812214881254536
0.5625 0.54044281190754 0.933904062571786 0.776932446364549
0.625 0.453987188647396 0.852836812835261 0.484454304586474
0.6875 0.366772175883855 0.746122559571779 0.493621349514184
0.75 0.280669149673932 0.491919105247376 0.645093669742352
0.8125 0.197468426212242 0.393288110985715 0.516011702595825
0.875 0.11883232131598 0.157572277870564 0.353164485486927
0.9375 0.0462526941369246 -0.30080309017071 0.457127479772378
1 -0.0189858004402204 -0.466235981600759 0.376735647449545
1.0625 -0.0758357187017175 -0.237234264808473 0.160918928475104
1.125 -0.123509286079887 -0.23367149198769 -0.137762972976436
1.1875 -0.161492745475377 -0.301672572615371 -0.21398126901539
1.25 -0.189552298092967 -0.333003782090724 -0.307955202421301
1.3125 -0.207731608437723 -0.306170265303007 -0.137188763062879
1.375 -0.216341112247123 -0.313887285569909 -0.0350728170088059
1.4375 -0.215939622126092 -0.297625485656047 -0.186749894285821
1.5 -0.207308962173396 -0.257090553603976 -0.290971842743866
1.5625 -0.191422572339956 -0.221850158455991 -0.272893435834068
1.625 -0.16940919902848 -0.244649460386294 -0.203854628263517
1.6875 -0.142512925117293 -0.214921595166095 -0.30366299633629
1.75 -0.112050886133071 -0.129418683237743 -0.316393285343541
1.8125 -0.0793700671711492 -0.107178096758665 -0.181647458793882
1.875 -0.0458045764041148 -0.148434271466649 0.00503684340839781
1.9375 -0.0126347462544318 -0.231405633329735 -0.087008858932458
2 0.0189506752894911 -0.17476742451303 -0.0469031093914233
2.0625 0.0478881095271501 0.0072427911900775 0.228549832339195
2.125 0.0732675384192042 0.107152821397575 0.107834698883845
2.1875 0.0943549260235616 0.127281111819687 -0.301078640057391
2.25 0.11060810889399 0.0879739927083432 0.00548188784759983
2.3125 0.121685824206695 0.0808472273466245 -0.272903668127048
2.375 0.127449780717293 0.0871169305512906 -0.21374295707749
2.4375 0.127959912318117 0.0671005514566753 0.00642100022999316
2.5 0.123463179003572 0.074188681227863 -0.19584243239666
2.5625 0.114376487953183 0.14076855583534 -0.241044986969806
2.625 0.101264491410236 0.13328961794836 -0.192151646459487
2.6875 0.0848131722056829 0.101340556096718 0.0461910303393258
2.75 0.0658002474153715 0.0350145060914259 0.248514151400711
2.8125 0.045063502281667 -0.0105863844288568 0.304453348493542
2.875 0.0234682080935576 0.00967316863564377 0.178668742221074
2.9375 0.00187477854765593 0.113688605766635 0.0808261153706763
3 -0.0188922200171502 0.0031229474738068 -0.140416171397596
3.0625 -0.0380726660471948 -0.0854717051095539 0.138411253862872
3.125 -0.0549961606825058 -0.0980021818472577 -0.01659663509043
3.1875 -0.0691032000143584 -0.154171457852564 -0.0254285596020194
3.25 -0.0799616208231879 -0.208584486509121 -0.237729798755833
3.3125 -0.087277882100372 -0.222655898910432 -0.327211736706395
3.375 -0.090902938916592 -0.200156056294641 -0.446068533179447
3.4375 -0.090832663456608 -0.183619915640222 -0.502978267558385
3.5 -0.0872029631954298 -0.100263916199422 -0.330313059164255
3.5625 -0.0802799313861428 -0.0972014284751562 0.00938724600819914
3.625 -0.0704455338894665 -0.112063795927599 0.0529256471230544
3.6875 -0.0581794832258203 -0.147178908462858 -0.134877198792664
3.75 -0.0440380707915325 -0.165991574843941 -0.334931500528646
3.8125 -0.0286308177202779 -0.189006566621807 -0.166277416603944
3.875 -0.0125958613224654 -0.190408720507022 -0.100796158844663
3.9375 0.00342498392979411 -0.0350907275164452 0.136484090729669
4 0.0188105643510577 -0.033679121220569 0.157718985056741
4.0625 0.0329832431512421 0.0479042033806421 -0.160940666385177
4.125 0.0454294706206773 0.09238364312214 0.0662459029558239
4.1875 0.0557173685022419 -0.0242252121031728 0.00758009452129285
4.25 0.0635107559947318 0.00375155059705834 0.08550673989253
4.3125 0.0685791901798789 0.0946640211413642 0.164023724672153
4.375 0.070803751347204 0.128942178818197 0.0366405614207236
4.4375 0.0701784676838464 0.0987384446273419 0.295230598136226
4.5 0.0668074379629769 0.0519265592237147 0.234161901671384
4.5625 0.0608978691774644 0.0916764759860756 0.0379493259455483
4.625 0.0527493928274284 0.0847293011550802 0.275001735469333
4.6875 0.0427401536157265 0.123001839906519 0.418660065733258
4.75 0.0313102731811599 0.129439588646262 0.356441844210468
4.8125 0.0189433756156759 0.0482749050430395 0.0690754837312707
4.875 0.00614691826005033 0.094025676163607 -0.144818111865279
4.9375 -0.0065679008970271 0.215177343046371 -0.15901161782253
5 -0.0187058894300283 0.0226866369132079 0.157599187150157
5.0625 -0.0298065207739797 -0.0904649083078536 0.272218483413511
5.125 -0.0394608263731286 -0.0807715405779603 0.0919001963091048
5.1875 -0.0473259190908169 -0.022020036447978 0.173235813317744
5.25 -0.0531366497653419 -0.128488648352121 0.145784812976717
5.3125 -0.0567140178642349 -0.196361655975455 0.0921847737924532
5.375 -0.0579700880717816 -0.141679725801634 0.0693082061395196
5.4375 -0.056909302209674 -0.126587095733904 0.132202166951282
5.5 -0.0536262148496364 -0.076953941248598 0.609095115070729
5.5625 -0.0482998160841104 -0.127594793345347 0.504261949372869
5.625 -0.0411847311694333 -0.0680685816160106 -0.349152922803533
5.6875 -0.0325996995597582 -0.0589645786002204 -0.183189603036518
5.75 -0.0229138312097444 -0.0363570844372272 0.416214455031827
5.8125 -0.0125312126665159 -0.0130327891763386 0.19380348041101
5.875 -0.00187448696009821 -0.0282422486835351 -0.0484597985124463
5.9375 0.00863194188538073 0.0638184970284847 0.0633870312903047
6 0.0185784273252983 0.0584795242422907 0.327023908060323
6.0625 0.0275856926304252 0.0299095790311178 0.190292367472723
6.125 0.0353189547500913 0.0443859032946534 0.192417317960144
6.1875 0.0415000454760444 0.13114812138792 0.0476560835207393
6.25 0.0459171021455705 0.150040482145769 -0.34390801991425
6.3125 0.0484315013349286 0.122487849020748 -0.0393286418645967
6.375 0.0489818208462241 0.057489067111534 -0.175007214952156
6.4375 0.0475847333396044 0.0835414085229323 0.0186955662257026
6.5 0.0443328546036451 0.0737989895562117 0.429382701248671
6.5625 0.0393896861009348 0.038673989314207 0.449914642493008
6.625 0.0329819006732524 0.0707047261371822 0.39717454089533
6.6875 0.0253893180946274 -0.00077054162559623 0.306322932038539
6.75 0.016932999975582 0.0280036857736689 0.0494361293065694
6.8125 0.00796195843091271 -0.00425606393896829 0.184850716606051
6.875 -0.00116098226096186 -0.107648288177829 0.00996670333790273
6.9375 -0.0100736084425818 0.0367371921367649 0.00898663243108452
7 -0.0184284604276337 0.0294566119909138 -0.0825210880550078
7.0625 -0.0259061529405878 -0.0142781436140478 -0.125047154886205
7.125 -0.032227370155317 -0.0341345282596088 -0.28344804931262
7.1875 -0.0371630925089163 -0.0672737414233892 0.174142873342344
7.25 -0.0405426882260306 0.0100671016592533 0.575892888713777
7.3125 -0.0422595911750517 0.0229670138059502 0.264420651897519
7.375 -0.0422743846776534 0.0122473780732502 -0.0287165389357731
7.4375 -0.0406152142918708 0.0218717533737533 0.187588986739996
7.5 -0.0373755573224893 -0.0368294462716693 0.281281593243049
7.5625 -0.0327094788266464 -0.0770009308610284 0.359445950577814
7.625 -0.026824599287744 -0.130468797171279 0.2440123812389
7.6875 -0.0199730843490288 -0.0880910441577218 0.088890361003815
7.75 -0.0124410388959584 -0.0847581904278404 0.197107109743585
7.8125 -0.00453674377845848 -0.218978971295076 0.19873625261716
7.875 0.00342178835538511 0.0125065466234233 0.10006202498265
7.9375 0.0111194424952961 0.118029284472652 0.242198417333645
8 0.0182563207018444 0.138284585221748 0.510824268737948
