0 1 0.996044791893501 0.95786234775391
0.0625 0.993336561920993 0.999170838696133 0.983724076954877
0.125 0.973505970818247 0.998126674710751 0.96662675864755
0.1875 0.940982839425953 0.997064451295888 0.939521625146511
0.25 0.896543141606183 0.995971153119474 0.93652421924567
0.3125 0.841242132050784 0.988420124662268 0.875854677078251
0.375 0.77638439886155 0.986724255730551 0.862976936459553
0.4375 0.703486976094622 0.97561081296406 0.78985276909896
0.5 0.624236655516739 0.959095243193986 0.684341763905735
0.5625 0.54044281190754 0.958972175651008 0.784081718298554
0.625 0.453987188647396 0.834509671600709 0.297099939966314
0.6875 0.366772175883855 0.729245758345903 0.142088208077617
0.75 0.280669149673932 0.647194100538931 0.288288338070896
0.8125 0.197468426212242 0.485113867067224 0.201161028615996
0.875 0.11883232131598 0.183340109305095 0.0469887981654169
0.9375 0.0462526941369246 -0.24275930888781 -0.167484150022343
1 -0.0189858004402204 -0.334501332879458 -0.0735155553253517
1.0625 -0.0758357187017175 -0.27933076345444 0.24063578083052
1.125 -0.123509286079887 -0.195863307529408 0.149527656574828
1.1875 -0.161492745475377 -0.254006127567572 -0.0851903034735161
1.25 -0.189552298092967 -0.30115682531266 -0.238335137616278
1.3125 -0.207731608437723 -0.331601710443735 -0.0596290200334819
1.375 -0.216341112247123 -0.282708836787947 -0.28003365019516
1.4375 -0.215939622126092 -0.351434138492904 -0.188471231370758
1.5 -0.207308962173396 -0.340380331645765 -0.326880553153406
1.5625 -0.191422572339956 -0.310430699686337 -0.211535157117066
1.625 -0.16940919902848 -0.225768378443629 -0.194602679031353
1.6875 -0.142512925117293 -0.167384476250713 -0.180962160313719
1.75 -0.112050886133071 -0.142205029103539 0.182226691145097
1.8125 -0.0793700671711492 -0.080960497843252 -0.0887452584575161
1.875 -0.0458045764041148 -0.0722683690779241 -0.319300112230527
1.9375 -0.0126347462544318 -0.138315398541797 -0.340875875131891
2 0.0189506752894911 -0.145846560248531 0.256407483268702
2.0625 0.0478881095271501 0.0609011561211086 0.345087040055831
2.125 0.0732675384192042 0.0915386235737809 0.251575171007795
2.1875 0.0943549260235616 0.112442596743188 0.602610647783796
2.25 0.11060810889399 0.101864603057833 0.610160078762519
2.3125 0.121685824206695 0.11088450775153 0.281766591925263
2.375 0.127449780717293 0.126337924439875 0.353689015550633
2.4375 0.127959912318117 0.129047918485953 0.275968540948178
2.5 0.123463179003572 0.137448731002189 0.358272830508503
2.5625 0.114376487953183 0.129302340486644 0.404524501807776
2.625 0.101264491410236 0.129818882027586 0.109871456326984
2.6875 0.0848131722056829 0.110308476360749 0.401486377565542
2.75 0.0658002474153715 0.113284489117899 0.232954289975383
2.8125 0.045063502281667 0.100557436973503 0.298090970109439
2.875 0.0234682080935576 0.0469201088776129 0.605562255100282
2.9375 0.00187477854765593 0.131251684639492 0.516831491152971
3 -0.0188922200171502 0.057573774457944 0.345413079512521
3.0625 -0.0380726660471948 -0.00650908220361882 0.314212755428231
3.125 -0.0549961606825058 -0.0848272359059354 -0.0187238852320503
3.1875 -0.0691032000143584 -0.0964034500742194 0.0856201169174362
3.25 -0.0799616208231879 -0.10236842387104 0.254746586072567
3.3125 -0.087277882100372 -0.103518169601242 -0.057246804512882
3.375 -0.090902938916592 -0.134013682628082 -0.26863079034412
3.4375 -0.090832663456608 -0.175179121277207 -0.254313763405819
3.5 -0.0872029631954298 -0.0788743303563765 0.0134581944395424
3.5625 -0.0802799313861428 -0.0668026374849016 -0.00851838310788366
3.625 -0.0704455338894665 -0.0486476427599844 0.463886816271425
3.6875 -0.0581794832258203 -0.0784661941582778 0.347166658398158
3.75 -0.0440380707915325 -0.0749266500062472 0.242714915377111
3.8125 -0.0286308177202779 -0.0483455176210854 0.320331734806742
3.875 -0.0125958613224654 -0.0417870569114617 0.251423276037274
3.9375 0.00342498392979411 0.0748702064506488 0.275067667089063
4 0.0188105643510577 0.0386729896123201 0.446367719698663
4.0625 0.0329832431512421 0.0432958942181584 0.212297668665509
4.125 0.0454294706206773 0.0747882234941576 0.0264230212582444
4.1875 0.0557173685022419 0.0555025091558689 -0.0149420797313735
4.25 0.0635107559947318 0.0830736530079759 -0.183325632965849
4.3125 0.0685791901798789 0.0912100071037976 0.00310683575567005
4.375 0.070803751347204 0.0691749392441934 -0.10750625413604
4.4375 0.0701784676838464 0.0503546837224959 0.0568488950662076
4.5 0.0668074379629769 0.0580680538460235 -0.0554964694560247
4.5625 0.0608978691774644 0.0897280862564768 0.173375579198604
4.625 0.0527493928274284 0.0549319751076063 0.378205998566429
4.6875 0.0427401536157265 0.042999164810184 0.22229315265028
4.75 0.0313102731811599 0.0255886207652671 0.160699801771181
4.8125 0.0189433756156759 0.028332917272105 0.324720902367107
4.875 0.00614691826005033 0.0530816647908533 0.31727952745947
4.9375 -0.0065679008970271 0.0501669273865068 0.300248243483144
5 -0.0187058894300283 0.00921811132688155 0.331145667014272
5.0625 -0.0298065207739797 -0.0365966554795021 0.377402183658593
5.125 -0.0394608263731286 -0.0787651958526884 0.407521826786994
5.1875 -0.0473259190908169 -0.114204603725752 0.448089541881283
5.25 -0.0531366497653419 -0.0874273600239243 0.367631420352589
5.3125 -0.0567140178642349 -0.0955741300181175 0.307236430967315
5.375 -0.0579700880717816 -0.0760703096249718 0.224319854062315
5.4375 -0.056909302209674 -0.0732297130294601 0.249224905092987
5.5 -0.0536262148496364 -0.0780437322076818 0.277937620281931
5.5625 -0.0482998160841104 -0.0619501059717705 0.269555134059693
5.625 -0.0411847311694333 -0.0757902123754688 0.157823876864653
5.6875 -0.0325996995597582 -0.0545103047451713 -0.130037971545272
5.75 -0.0229138312097444 -0.0195084602244215 0.192958102269137
5.8125 -0.0125312126665159 -0.0696262671706482 0.0814827680179322
5.875 -0.00187448696009821 -0.0669273903819492 0.127950514977108
5.9375 0.00863194188538073 -0.0293714051924489 0.295578528406467
6 0.0185784273252983 0.00549649521228879 -0.105997055724162
6.0625 0.0275856926304252 0.0367026529820211 0.188705312323813
6.125 0.0353189547500913 0.119949134907173 0.559115893820801
6.1875 0.0415000454760444 0.0770239785285031 0.583790030701151
6.25 0.0459171021455705 0.0585691114671409 0.468095446458672
6.3125 0.0484315013349286 0.11344683863233 0.24988672648697
6.375 0.0489818208462241 0.112078308505163 -0.0196568869922062
6.4375 0.0475847333396044 0.0869141778591509 0.0581428883117096
6.5 0.0443328546036451 0.115582572849277 0.310815659231367
6.5625 0.0393896861009348 0.160295171916662 0.45200995613483
6.625 0.0329819006732524 0.180371280154804 0.445743804480959
6.6875 0.0253893180946274 0.0801756826236663 0.415159864510633
6.75 0.016932999975582 0.0574663548011273 0.391417003134246
6.8125 0.00796195843091271 -0.0130598780631392 0.164811180046806
6.875 -0.00116098226096186 -0.0472639552430567 0.376774601336912
6.9375 -0.0100736084425818 -0.01166874676604 0.522852077514357
7 -0.0184284604276337 -0.0308007845713295 0.466638396145825
7.0625 -0.0259061529405878 -0.0461824602043563 0.0472461269574242
7.125 -0.032227370155317 -0.125693383833657 0.15709040609728
7.1875 -0.0371630925089163 -0.0901036847595299 -0.331880906716844
7.25 -0.0405426882260306 -0.213297131969616 0.00880166763018797
7.3125 -0.0422595911750517 -0.245444582910161 0.261230765971012
7.375 -0.0422743846776534 -0.11857130112382 0.128636073383389
7.4375 -0.0406152142918708 -0.10345886934651 0.212719766825398
7.5 -0.0373755573224893 -0.148176667921043 0.208800531140509
7.5625 -0.0327094788266464 -0.114692913313448 -0.0395529108604665
7.625 -0.026824599287744 -0.0846582987498988 0.0697138326621245
7.6875 -0.0199730843490288 -0.0556581315358483 0.350467609063206
7.75 -0.0124410388959584 -0.0625652220090235 0.0970858434395783
7.8125 -0.00453674377845848 -0.213812966216327 -0.134221954003774
7.875 0.00342178835538511 -0.027502216390181 0.0376508781571228
7.9375 0.0111194424952961 0.0558110540977684 0.385651727236357
8 0.0182563207018444 0.0240743003581838 0.44921968696865
