0 1 0.873173744867349 0.966481878888091
0.0625 0.993336561920993 0.908929948265386 0.988437977795635
0.125 0.973505970818247 0.872824766047889 0.97623475066806
0.1875 0.940982839425953 0.815572998925768 0.928338330714484
0.25 0.896543141606183 0.854228959571577 0.927768547810988
0.3125 0.841242132050784 0.923525536107701 0.881319483794306
0.375 0.77638439886155 0.924805882086924 0.682431933505068
0.4375 0.703486976094622 0.853132341819602 0.625198607745464
0.5 0.624236655516739 0.858220995064602 0.773330396922064
0.5625 0.54044281190754 0.886530158244076 0.503743453795682
0.625 0.453987188647396 0.79514923229431 0.39563485566636
0.6875 0.366772175883855 0.738277960603856 0.469491848936958
0.75 0.280669149673932 0.54379032650342 0.788455123252992
0.8125 0.197468426212242 0.427447317137726 0.658328054944591
0.875 0.11883232131598 0.267257272729146 0.532992222063624
0.9375 0.0462526941369246 -0.0608484887289409 0.428890425239453
1 -0.0189858004402204 -0.391699293429137 0.419645774888766
1.0625 -0.0758357187017175 -0.445979494352657 0.317846194126358
1.125 -0.123509286079887 -0.201130847974895 0.0121775663782375
1.1875 -0.161492745475377 -0.100775516839771 -0.295857063427071
1.25 -0.189552298092967 0.019904681283021 -0.2187338705437
1.3125 -0.207731608437723 0.0969346598605714 0.191596491413615
1.375 -0.216341112247123 -0.110703214017417 -0.389115081948063
1.4375 -0.215939622126092 -0.203640159188054 -0.619013531648551
1.5 -0.207308962173396 -0.0698126902424273 -0.284938752954646
1.5625 -0.191422572339956 -0.0350410965880856 -0.273669330541985
1.625 -0.16940919902848 -0.0585237792480568 -0.0844419075929313
1.6875 -0.142512925117293 -0.123323591099001 0.236064690848443
1.75 -0.112050886133071 -0.333286496116547 0.0979856791351748
1.8125 -0.0793700671711492 -0.0747052186296226 0.0779687677320985
1.875 -0.0458045764041148 0.0359710645774895 -0.292845771670197
1.9375 -0.0126347462544318 -0.17262987725976 -0.313020552665829
2 0.0189506752894911 0.290564742722687 -0.0112075858531537
2.0625 0.0478881095271501 0.356044305787231 0.0628731916106955
2.125 0.0732675384192042 -0.0808182698170017 0.262337037763479
2.1875 0.0943549260235616 0.156719300468461 0.365526817701563
2.25 0.11060810889399 -0.0899864183882545 0.216603859278055
2.3125 0.121685824206695 -0.227910844790032 0.123481902108734
2.375 0.127449780717293 0.0569261151066749 0.0452852374030468
2.4375 0.127959912318117 0.369002667655567 0.05728380250236
2.5 0.123463179003572 0.34805930997979 0.0257988640718618
2.5625 0.114376487953183 0.255057742775555 0.269311653358282
2.625 0.101264491410236 0.191594696072231 0.415615876698767
2.6875 0.0848131722056829 -0.0856390338407725 0.259712019106734
2.75 0.0658002474153715 0.0234343221660891 0.150681508230277
2.8125 0.045063502281667 0.214809118309759 -0.208205273853032
2.875 0.0234682080935576 0.401494708386458 -0.267446323562082
2.9375 0.00187477854765593 0.332113476144622 0.0520274766469687
3 -0.0188922200171502 0.46530679878432 0.393194814377365
3.0625 -0.0380726660471948 0.222515607357836 0.23385233152986
3.125 -0.0549961606825058 -0.282913072921462 -0.367846550932465
3.1875 -0.0691032000143584 -0.252847287076575 -0.184088385341413
3.25 -0.0799616208231879 -0.116906396360836 -0.199065272400977
3.3125 -0.087277882100372 -0.4642748288789 0.0174758075900643
3.375 -0.090902938916592 -0.0538136484053513 0.411366340299898
3.4375 -0.090832663456608 0.280573744182291 0.448471313603285
3.5 -0.0872029631954298 -0.0124185072591603 0.123012916459535
3.5625 -0.0802799313861428 0.120485193787181 0.144978906719689
3.625 -0.0704455338894665 0.329459125196654 0.296988457327571
3.6875 -0.0581794832258203 0.262182221285914 0.406497264075182
3.75 -0.0440380707915325 0.0465858433689653 0.421385403592751
3.8125 -0.0286308177202779 -0.314145700729154 0.245845172293028
3.875 -0.0125958613224654 -0.129398100090532 0.345123571561945
3.9375 0.00342498392979411 -0.00977825827275372 0.409339864412231
4 0.0188105643510577 -0.353339930623084 0.42907135397324
4.0625 0.0329832431512421 -0.291614228603081 0.0562922343790051
4.125 0.0454294706206773 0.0642946296965281 -0.253753736275011
4.1875 0.0557173685022419 -0.0169958555394507 -0.0929836725564116
4.25 0.0635107559947318 -0.194537073008872 0.0108120221333419
4.3125 0.0685791901798789 -0.193494151550047 -0.0863372668006193
4.375 0.070803751347204 -0.106517347619285 0.128729279742253
4.4375 0.0701784676838464 0.513781119496555 0.22165474009793
4.5 0.0668074379629769 0.523506394169862 -0.109272861853842
4.5625 0.0608978691774644 0.212886808684988 0.282219643235053
4.625 0.0527493928274284 -0.05063331984076 0.038522255870117
4.6875 0.0427401536157265 -0.220072284653526 0.381124310149655
4.75 0.0313102731811599 -0.504960133638771 0.383334957008974
4.8125 0.0189433756156759 -0.18557947697664 0.265385272597795
4.875 0.00614691826005033 -0.00146770143662666 0.306743008605102
4.9375 -0.0065679008970271 0.238638935766586 0.134138593937925
5 -0.0187058894300283 -0.107063871318374 0.0581180211253045
5.0625 -0.0298065207739797 -0.324378001128599 0.291983595882238
5.125 -0.0394608263731286 -0.329118552545941 0.283749440127545
5.1875 -0.0473259190908169 -0.220987911269876 0.102103833476937
5.25 -0.0531366497653419 -0.140329589462188 0.0701437691910654
5.3125 -0.0567140178642349 -0.38076790281108 -0.170054996601338
5.375 -0.0579700880717816 -0.331631053524069 0.22702934148009
5.4375 -0.056909302209674 -0.254239510530418 0.307402338089662
5.5 -0.0536262148496364 -0.203819134679914 0.0906222767924664
5.5625 -0.0482998160841104 -0.221388408893441 0.0928183622059874
5.625 -0.0411847311694333 0.0297496856755482 0.446085488036672
5.6875 -0.0325996995597582 0.0740162620186479 0.464235969807473
5.75 -0.0229138312097444 -0.30157617129161 0.0959032754023473
5.8125 -0.0125312126665159 -0.481911489208692 -0.10357371175621
5.875 -0.00187448696009821 -0.264826602211243 -0.0478126270798299
5.9375 0.00863194188538073 -0.0265912108443784 0.450601904845639
6 0.0185784273252983 -0.215352165850805 0.331085144512812
6.0625 0.0275856926304252 -0.324764645424223 0.29169169097384
6.125 0.0353189547500913 0.00755292632504607 0.131879490825841
6.1875 0.0415000454760444 0.142696978767349 0.227997704247989
6.25 0.0459171021455705 0.129731895702039 0.18925226537818
6.3125 0.0484315013349286 -0.0610263446874418 0.314109472516474
6.375 0.0489818208462241 0.131806869336282 0.272238077870308
6.4375 0.0475847333396044 -0.103222351440742 0.103608093438721
6.5 0.0443328546036451 -0.328404008765952 0.180462229623312
6.5625 0.0393896861009348 0.142376786674569 0.327469537515519
6.625 0.0329819006732524 0.342900144143851 0.27768110534733
6.6875 0.0253893180946274 0.130767393851412 0.0846772499033986
6.75 0.016932999975582 -0.0122120788570671 0.0628483991036392
6.8125 0.00796195843091271 -0.110229833092917 -0.0300700410932544
6.875 -0.00116098226096186 -0.0627318125992838 -0.0871761603138571
6.9375 -0.0100736084425818 0.0828309571211622 0.590943298181809
7 -0.0184284604276337 -0.0339359885024946 0.564201272786476
7.0625 -0.0259061529405878 0.0103491529388156 0.160323740604132
7.125 -0.032227370155317 -0.0415340882879979 0.326070598908297
7.1875 -0.0371630925089163 -0.0133381162996553 0.242766416372413
7.25 -0.0405426882260306 0.0771552356714931 0.44528141189183
7.3125 -0.0422595911750517 0.0124109733493141 0.642576563699053
7.375 -0.0422743846776534 0.0778238216071913 0.0893242143000154
7.4375 -0.0406152142918708 0.234797017931685 -0.172684988751324
7.5 -0.0373755573224893 0.25838515379838 0.108156798073635
7.5625 -0.0327094788266464 0.115197861335608 0.151891952735908
7.625 -0.026824599287744 -0.00395635721737822 0.116513293208141
7.6875 -0.0199730843490288 0.0525641864707765 -0.0248225706061522
7.75 -0.0124410388959584 0.0028116859876311 0.00151156001446164
7.8125 -0.00453674377845848 -0.158844705957078 -0.0220462824467585
7.875 0.00342178835538511 0.00622165600438044 0.359766478596347
7.9375 0.0111194424952961 -0.0305193736753744 0.0125840270465272
8 0.0182563207018444 -0.0278147562078544 -0.146851266781707
