0 1 0.992580247658653 0.92227258097951
0.0625 0.993336561920993 0.988896980436274 0.97641044635663
0.125 0.973505970818247 0.982303630917367 0.981133738694301
0.1875 0.940982839425953 0.96630944424997 0.970536295466407
0.25 0.896543141606183 0.953711523731641 0.956305005219115
0.3125 0.841242132050784 0.939473773173487 0.95703648423393
0.375 0.77638439886155 0.933076818832896 0.877740678043651
0.4375 0.703486976094622 0.923923626700046 0.829265691542472
0.5 0.624236655516739 0.850407402987922 0.771913038145383
0.5625 0.54044281190754 0.770930990168689 0.716734295739644
0.625 0.453987188647396 0.592204190328377 0.680006145761944
0.6875 0.366772175883855 0.504824927897523 0.664847636779259
0.75 0.280669149673932 0.528635783046525 0.412152014010413
0.8125 0.197468426212242 0.443677637499158 0.083434491832387
0.875 0.11883232131598 0.223113076303804 -0.143200333743707
0.9375 0.0462526941369246 -0.0261759980663447 -0.0588498952679772
1 -0.0189858004402204 0.0669915603032297 -0.0279413952304463
1.0625 -0.0758357187017175 0.13460020358339 -0.0413282519189984
1.125 -0.123509286079887 -0.124148534377342 -0.2253864703431
1.1875 -0.161492745475377 -0.402711714153783 -0.170023085732831
1.25 -0.189552298092967 -0.531470449435715 0.00414905011890911
1.3125 -0.207731608437723 -0.627679874416217 -0.126355525562047
1.375 -0.216341112247123 -0.291478594017399 -0.0563165185399424
1.4375 -0.215939622126092 -0.107898382045058 0.100052920000302
1.5 -0.207308962173396 -0.155997214839455 0.240396515998006
1.5625 -0.191422572339956 -0.200595316214623 0.456909160145783
1.625 -0.16940919902848 -0.227334790344461 0.301099546687604
1.6875 -0.142512925117293 -0.11107034920748 0.145746969832779
1.75 -0.112050886133071 0.0869946088769988 -0.0184213019267181
1.8125 -0.0793700671711492 0.321609157282507 0.0179269409768161
1.875 -0.0458045764041148 -0.0901572680999661 0.248367639519421
1.9375 -0.0126347462544318 -0.571954753860454 0.202294418677752
2 0.0189506752894911 -0.231531983350989 0.0654547724337202
2.0625 0.0478881095271501 -0.136366238139852 0.21088903949323
2.125 0.0732675384192042 0.0933710019904726 0.26987857888534
2.1875 0.0943549260235616 0.200605640070253 0.307057589817767
2.25 0.11060810889399 -0.101277288876455 0.365356940359086
2.3125 0.121685824206695 -0.334223881416618 0.559316130717748
2.375 0.127449780717293 -0.42623129023948 0.627315067066411
2.4375 0.127959912318117 -0.169873508478011 0.698589689007507
2.5 0.123463179003572 -0.436778175160032 0.63098137443144
2.5625 0.114376487953183 -0.446079033288767 0.24579322948492
2.625 0.101264491410236 -0.275716093892945 0.0666617368088046
2.6875 0.0848131722056829 -0.240308110734809 -0.0235453818427187
2.75 0.0658002474153715 0.0329763915074545 0.0784859317931771
2.8125 0.045063502281667 -0.0557867784861473 0.129973263243089
2.875 0.0234682080935576 -0.253991341922044 -0.0320805476166334
2.9375 0.00187477854765593 -0.160235723816786 -0.0573612618590541
3 -0.0188922200171502 -0.112898339070153 -0.119564755890198
3.0625 -0.0380726660471948 -0.0995130105709813 -0.347827537987774
3.125 -0.0549961606825058 -0.159113883988978 -0.407814436958782
3.1875 -0.0691032000143584 -0.109364882044459 -0.184740469143661
3.25 -0.0799616208231879 -0.105861711330557 -0.246924070626683
3.3125 -0.087277882100372 0.0420142621790621 -0.304383575677904
3.375 -0.090902938916592 0.0469930620725175 -0.355701203972228
3.4375 -0.090832663456608 0.146563014667916 -0.218925624979957
3.5 -0.0872029631954298 0.189314899590738 -0.106815245927797
3.5625 -0.0802799313861428 0.0377494634940764 -0.201302794561433
3.625 -0.0704455338894665 -0.161004871156805 0.0866154225462501
3.6875 -0.0581794832258203 -0.210908938729696 0.147502183922538
3.75 -0.0440380707915325 -0.23488887599878 -0.0546392767151784
3.8125 -0.0286308177202779 -0.166006529947651 -0.258530777835264
3.875 -0.0125958613224654 0.0836491971779431 0.0113639482020065
3.9375 0.00342498392979411 0.0914931886960623 0.156387538154418
4 0.0188105643510577 -0.192171527411617 0.0919098428589053
4.0625 0.0329832431512421 -0.136451106653056 -0.292534282711492
4.125 0.0454294706206773 0.056100195658573 -0.122849825796047
4.1875 0.0557173685022419 0.0992061664163658 0.163119328862342
4.25 0.0635107559947318 0.0680429036053639 0.035548479230843
4.3125 0.0685791901798789 0.132016544773225 -0.1775927367279
4.375 0.070803751347204 0.0984740237762025 -0.346685629841821
4.4375 0.0701784676838464 -0.0229899074636166 -0.219490311599155
4.5 0.0668074379629769 0.0359014871573399 0.0701332155461508
4.5625 0.0608978691774644 0.202148005971418 0.162306396244204
4.625 0.0527493928274284 0.0789218172231615 -0.0849930143245967
4.6875 0.0427401536157265 -0.0594770455122223 0.0322372676058178
4.75 0.0313102731811599 0.0708807167571164 0.112880156254969
4.8125 0.0189433756156759 0.0109816516461534 0.109986905203301
4.875 0.00614691826005033 -0.0716267241761556 0.147449597239574
4.9375 -0.0065679008970271 0.00530914459594213 0.222176723827714
5 -0.0187058894300283 0.184443238361391 0.0473357429217918
5.0625 -0.0298065207739797 0.097532675396039 0.269588977782381
5.125 -0.0394608263731286 0.352471492660477 0.16991844563416
5.1875 -0.0473259190908169 0.418629174830093 0.296544328770894
5.25 -0.0531366497653419 0.175165799710827 -0.128833308507458
5.3125 -0.0567140178642349 0.458935972372333 -0.562330808266276
5.375 -0.0579700880717816 0.393899210603167 -0.32634410168212
5.4375 -0.056909302209674 0.52570077677161 0.263744924294813
5.5 -0.0536262148496364 0.626424500059643 0.353752121263441
5.5625 -0.0482998160841104 0.284916523177921 0.170572572361463
5.625 -0.0411847311694333 0.0795866005335016 -0.445331907316865
5.6875 -0.0325996995597582 0.5280502741894 -0.415738411297735
5.75 -0.0229138312097444 0.685742700439776 -0.244591546718734
5.8125 -0.0125312126665159 0.465907507552442 -0.133273925328059
5.875 -0.00187448696009821 0.01666005358178 -0.132641215037634
5.9375 0.00863194188538073 -0.363645489080561 -0.157344109799515
6 0.0185784273252983 -0.398672740963132 -0.0871824823901678
6.0625 0.0275856926304252 0.209579250132287 0.0528935005605396
6.125 0.0353189547500913 0.576226994525304 -0.215081046936475
6.1875 0.0415000454760444 -0.0739622097781589 -0.233733349908996
6.25 0.0459171021455705 -0.160496168277677 -0.440194866349636
6.3125 0.0484315013349286 0.268248475530257 0.102542378998226
6.375 0.0489818208462241 0.0792277877491631 0.704488869743564
6.4375 0.0475847333396044 0.318587029465413 0.405306767932464
6.5 0.0443328546036451 0.439636698139761 -0.146134163635467
6.5625 0.0393896861009348 -0.0810120321739179 -0.204371053904502
6.625 0.0329819006732524 -0.0539028335920213 0.129770869545906
6.6875 0.0253893180946274 0.307777260222164 0.383109990269985
6.75 0.016932999975582 0.368880361189691 -0.0650049584101065
6.8125 0.00796195843091271 -0.231747043263514 0.159371274304434
6.875 -0.00116098226096186 -0.105556716190542 -0.278676546117662
6.9375 -0.0100736084425818 0.166639935886702 -0.0909158126762017
7 -0.0184284604276337 0.499953674065472 0.280887020447003
7.0625 -0.0259061529405878 0.485329545869066 0.405705741004966
7.125 -0.032227370155317 0.248798625360084 0.0148518306141596
7.1875 -0.0371630925089163 0.0960904626043375 -0.617518466671483
7.25 -0.0405426882260306 0.103255799797475 -0.256333042089721
7.3125 -0.0422595911750517 0.0801766609941457 -0.58258022603969
7.375 -0.0422743846776534 0.117718065676255 -0.564999422592381
7.4375 -0.0406152142918708 0.133182774621817 -0.204606876736936
7.5 -0.0373755573224893 0.353410853214212 -0.407990214706348
7.5625 -0.0327094788266464 0.383279609411339 -0.196038651785232
7.625 -0.026824599287744 0.117712090004419 -0.0375452324267887
7.6875 -0.0199730843490288 0.172985789520269 -0.226743511935012
7.75 -0.0124410388959584 0.0833402347502825 -0.27111650124831
7.8125 -0.00453674377845848 -0.18808243602882 -0.396112746319721
7.875 0.00342178835538511 -0.0912400731043479 -0.358381017825063
7.9375 0.0111194424952961 0.167878455405611 -0.332430010248898
8 0.0182563207018444 0.241013689839682 -0.0857705986288252
