0 1 0.990657050779376 0.992594948225166
0.0625 0.993336561920993 0.984164652542511 0.991912793006273
0.125 0.973505970818247 0.970477182595198 0.982667471836799
0.1875 0.940982839425953 0.944148383739245 0.949849139959394
0.25 0.896543141606183 0.906724455260397 0.906414678224119
0.3125 0.841242132050784 0.835296233853828 0.825161577457704
0.375 0.77638439886155 0.770152661839365 0.538282658475032
0.4375 0.703486976094622 0.782489705850021 0.452560510834869
0.5 0.624236655516739 0.694551651034969 0.598622290425768
0.5625 0.54044281190754 0.607738661731625 0.475850060044017
0.625 0.453987188647396 0.476688058611885 0.257048069434892
0.6875 0.366772175883855 0.409364693493941 0.428864366818655
0.75 0.280669149673932 0.279261036966626 0.664277237063035
0.8125 0.197468426212242 0.187886344242393 0.464633445993875
0.875 0.11883232131598 0.13268315135055 0.195467902597827
0.9375 0.0462526941369246 0.149498165334063 0.234716798140553
1 -0.0189858004402204 0.0437998516561085 -0.0875667741894985
1.0625 -0.0758357187017175 -0.0831197234603043 -0.044380650661166
1.125 -0.123509286079887 -0.12693192901048 0.0705359756503025
1.1875 -0.161492745475377 -0.161676883696133 0.196315209619273
1.25 -0.189552298092967 -0.199600529950146 -0.212307591662069
1.3125 -0.207731608437723 -0.210283990053938 -0.512017503784334
1.375 -0.216341112247123 -0.227874857621056 -0.242386295458021
1.4375 -0.215939622126092 -0.22553408932492 -0.261997416535639
1.5 -0.207308962173396 -0.214181476331295 -0.162959721828533
1.5625 -0.191422572339956 -0.186637639043344 0.0441007576285153
1.625 -0.16940919902848 -0.151530898394884 -0.304457032054344
1.6875 -0.142512925117293 -0.173774064342636 -0.124196555452867
1.75 -0.112050886133071 -0.151018939705265 -0.0574429942082646
1.8125 -0.0793700671711492 -0.078579164260866 0.0706224288487663
1.875 -0.0458045764041148 -0.0479331888153493 0.163191867928017
1.9375 -0.0126347462544318 -0.109053103968975 0.198617562086164
2 0.0189506752894911 -0.0378960408495903 0.312568671874055
2.0625 0.0478881095271501 0.0453209176247425 0.0148475175363454
2.125 0.0732675384192042 0.0773044900911369 0.110117879467855
2.1875 0.0943549260235616 0.096152263038817 0.0430416296464041
2.25 0.11060810889399 0.114485692004753 -0.292948707193233
2.3125 0.121685824206695 0.140245771020339 -0.057466994428389
2.375 0.127449780717293 0.13983657200186 -0.0425704025061179
2.4375 0.127959912318117 0.141774463848492 -0.0445357882832474
2.5 0.123463179003572 0.121085000400027 -0.0156608005378896
2.5625 0.114376487953183 0.106983171185115 0.163351388944664
2.625 0.101264491410236 0.0975390662566973 0.0457006057299051
2.6875 0.0848131722056829 0.0753179211023025 -0.104684724993826
2.75 0.0658002474153715 0.071993077174906 -0.0603976040682506
2.8125 0.045063502281667 0.0465871225843778 -0.308178873312369
2.875 0.0234682080935576 0.0213679235920609 -0.636210558454714
2.9375 0.00187477854765593 -0.0613629370700933 -0.370564775187711
3 -0.0188922200171502 -0.147482623820464 0.284625736460152
3.0625 -0.0380726660471948 -0.0689619162790749 0.104814078039079
3.125 -0.0549961606825058 -0.0471935724937397 -0.154718428501379
3.1875 -0.0691032000143584 -0.0664980070380773 -0.131672276186287
3.25 -0.0799616208231879 -0.0894668699289136 -0.0856221077930146
3.3125 -0.087277882100372 -0.113379993321186 -0.164932639019767
3.375 -0.090902938916592 -0.104034671604709 -0.179373652122292
3.4375 -0.090832663456608 -0.0989371167957502 -0.191528589054602
3.5 -0.0872029631954298 -0.089137536105606 -0.0486420802239573
3.5625 -0.0802799313861428 -0.0857415132060051 0.120210349995916
3.625 -0.0704455338894665 -0.0628762219654247 0.189482484392685
3.6875 -0.0581794832258203 -0.0532201413531419 -0.0118358424180599
3.75 -0.0440380707915325 -0.0628193573692238 0.146364136071543
3.8125 -0.0286308177202779 -0.039454680380192 0.238860251954013
3.875 -0.0125958613224654 0.0478945908887773 -0.000114154233933083
3.9375 0.00342498392979411 0.0306235225649139 -0.294620955534241
4 0.0188105643510577 0.0213847407776632 -0.430759135658383
4.0625 0.0329832431512421 0.049280301930876 -0.261886748230299
4.125 0.0454294706206773 0.0748149522805762 -0.0914466545232805
4.1875 0.0557173685022419 0.0856548111858068 -0.218184871916435
4.25 0.0635107559947318 0.0960989013943931 -0.205227454256201
4.3125 0.0685791901798789 0.0715607286236253 -0.256676636630502
4.375 0.070803751347204 0.0701985847372376 -0.0143290711974791
4.4375 0.0701784676838464 0.072919342215345 0.00435708229574184
4.5 0.0668074379629769 0.0729442965227994 -0.167483929766313
4.5625 0.0608978691774644 0.0745011368902272 0.0246582242230564
4.625 0.0527493928274284 0.0941663276834307 0.374721910985627
4.6875 0.0427401536157265 0.0749532877169973 0.573686470849402
4.75 0.0313102731811599 0.0484914264658487 0.363484694889073
4.8125 0.0189433756156759 -0.000853608062830877 0.0708967976703889
4.875 0.00614691826005033 -0.11926063435636 0.105880056066881
4.9375 -0.0065679008970271 -0.189626383666926 0.192870678467566
5 -0.0187058894300283 -0.0577227487051802 0.0173258043042913
5.0625 -0.0298065207739797 -0.0327301400825563 -0.306700013196755
5.125 -0.0394608263731286 -0.0543663572471195 -0.0538333515333284
5.1875 -0.0473259190908169 -0.0579265032095909 0.266493449081154
5.25 -0.0531366497653419 -0.0562167553985268 0.246622354063899
5.3125 -0.0567140178642349 -0.0674662949554111 0.210848472695108
5.375 -0.0579700880717816 -0.0957456015810493 -0.0904352207453121
5.4375 -0.056909302209674 -0.107019959687213 -0.59872083274518
5.5 -0.0536262148496364 -0.109279732769943 0.0179878925941987
5.5625 -0.0482998160841104 -0.0739025206315579 0.393899449055108
5.625 -0.0411847311694333 -0.0327623484741547 0.294449221526978
5.6875 -0.0325996995597582 0.000984305559337191 -0.0502526001714326
5.75 -0.0229138312097444 -0.00261730844345619 0.0764364406039643
5.8125 -0.0125312126665159 -0.0105918873356002 0.380574890935262
5.875 -0.00187448696009821 0.165276032204167 0.0203838561786117
5.9375 0.00863194188538073 0.183407773791566 -0.0107031447497096
6 0.0185784273252983 0.0385359046765809 -0.0779951408316052
6.0625 0.0275856926304252 0.0217322415706612 -0.306189629299253
6.125 0.0353189547500913 0.042800279047676 -0.186195273981207
6.1875 0.0415000454760444 0.0485422625168699 0.089711785625444
6.25 0.0459171021455705 0.0453105591084871 0.0131581363528425
6.3125 0.0484315013349286 0.0524535244159008 -0.137756008524154
6.375 0.0489818208462241 0.0505460312580929 0.147022997756522
6.4375 0.0475847333396044 0.0403100429937175 0.19703992158225
6.5 0.0443328546036451 0.0519392223839354 0.104429703835218
6.5625 0.0393896861009348 0.0533620206422424 0.256491296116052
6.625 0.0329819006732524 0.0633089564855947 0.279356826067454
6.6875 0.0253893180946274 0.0473916034480209 0.303512074504781
6.75 0.016932999975582 0.0291861680139427 0.566327604315485
6.8125 0.00796195843091271 0.00143339146978635 0.226290289588646
6.875 -0.00116098226096186 -0.125895492471516 0.345353259507492
6.9375 -0.0100736084425818 -0.0734179220701072 0.462653436359065
7 -0.0184284604276337 -0.0183923614348844 -0.15150736160686
7.0625 -0.0259061529405878 -0.0209382563252508 0.178060171754124
7.125 -0.032227370155317 -0.0143569080041667 0.102456984473542
7.1875 -0.0371630925089163 -0.0262037401790653 -0.0834011605681195
7.25 -0.0405426882260306 -0.0543733912459964 -0.156391751206567
7.3125 -0.0422595911750517 -0.0352574189305369 -0.1032957015028
7.375 -0.0422743846776534 -0.0147929441180834 0.131215888477311
7.4375 -0.0406152142918708 -0.0388655503815708 -0.0276916541936789
7.5 -0.0373755573224893 -0.0189421287792829 -0.00705744129215205
7.5625 -0.0327094788266464 -0.0311436342416445 0.0180095174280374
7.625 -0.026824599287744 -0.0460686348416777 0.0712503632196148
7.6875 -0.0199730843490288 -0.0493802052642975 0.1861188430644
7.75 -0.0124410388959584 0.00162398499225069 0.175376858920072
7.8125 -0.00453674377845848 0.116793393825752 0.268873188359057
7.875 0.00342178835538511 0.0045909997049833 0.089616925449967
7.9375 0.0111194424952961 -0.0185558702029406 0.114389038052664
8 0.0182563207018444 -0.0246691425061338 0.30870554964108
