0 1 0.995289494654337 0.938215926420198
0.0625 0.993336561920993 0.997577350082101 0.95386179756322
0.125 0.973505970818247 0.995828858489292 0.90878666950773
0.1875 0.940982839425953 0.995508148525764 0.912921899706029
0.25 0.896543141606183 0.991920554304124 0.879686270011935
0.3125 0.841242132050784 0.974405951123818 0.833939994891556
0.375 0.77638439886155 0.974853757363541 0.760340390390858
0.4375 0.703486976094622 0.972518028393072 0.76644821995106
0.5 0.624236655516739 0.967533754419373 0.723485835037878
0.5625 0.54044281190754 0.95578370563644 0.721738746214148
0.625 0.453987188647396 0.941224043910184 0.624022286087588
0.6875 0.366772175883855 0.934439476330826 0.311681910465949
0.75 0.280669149673932 0.922624508051404 0.147016590269094
0.8125 0.197468426212242 0.879368170640201 0.453548307333749
0.875 0.11883232131598 0.511813938393574 0.165570792738486
0.9375 0.0462526941369246 -0.284948715439594 0.00180495708541551
1 -0.0189858004402204 -0.362436032960926 -0.0279752790761863
1.0625 -0.0758357187017175 -0.264080341218869 0.00348050931199062
1.125 -0.123509286079887 -0.465509238702169 -0.111055901957105
1.1875 -0.161492745475377 -0.654599629071112 -0.151456384217948
1.25 -0.189552298092967 -0.674173634473339 0.175572119731198
1.3125 -0.207731608437723 -0.578266560190052 0.37098904484981
1.375 -0.216341112247123 -0.233672683093591 -0.19701232255488
1.4375 -0.215939622126092 0.0105177494335033 -0.340648653338337
1.5 -0.207308962173396 0.0474675995087454 -0.441052904004181
1.5625 -0.191422572339956 -0.295837970241024 -0.465259562170578
1.625 -0.16940919902848 -0.439073929745264 -0.330837932571003
1.6875 -0.142512925117293 -0.367155313889693 -0.0352951123647586
1.75 -0.112050886133071 -0.287631011849608 -0.171661615971257
1.8125 -0.0793700671711492 -0.512511783847066 -0.145070223798816
1.875 -0.0458045764041148 -0.330705344775291 0.041371327749641
1.9375 -0.0126347462544318 -0.207027257769165 0.16794936766285
2 0.0189506752894911 -0.22075724828831 -0.0447732258041581
2.0625 0.0478881095271501 -0.0180803601624074 -0.110990821431277
2.125 0.0732675384192042 0.536601680460299 -0.0447472916465821
2.1875 0.0943549260235616 0.57555320590255 0.0913928367059356
2.25 0.11060810889399 0.583240451928261 0.366561539926869
2.3125 0.121685824206695 0.632679932041074 0.275585026758645
2.375 0.127449780717293 0.614064316977711 0.0866530524050292
2.4375 0.127959912318117 0.582129317217217 0.154834457189802
2.5 0.123463179003572 0.560980939013107 0.090477407105957
2.5625 0.114376487953183 0.483333741372412 -0.00122349495761311
2.625 0.101264491410236 0.44117430029977 0.0799970731384324
2.6875 0.0848131722056829 0.405919837475089 -0.435287572947714
2.75 0.0658002474153715 0.373975384226127 -0.513052054854519
2.8125 0.045063502281667 0.440990647563063 -0.222384278930145
2.875 0.0234682080935576 -0.0259252459416893 -0.350910862902624
2.9375 0.00187477854765593 -0.261736421740569 -0.364725681447818
3 -0.0188922200171502 -0.0923652144983834 -0.190885103795703
3.0625 -0.0380726660471948 0.0867035782157263 -0.0361753661829242
3.125 -0.0549961606825058 -0.332047674475564 0.299899081926614
3.1875 -0.0691032000143584 -0.113249556371487 0.277318102523047
3.25 -0.0799616208231879 -0.382829839111801 0.244820839170839
3.3125 -0.087277882100372 -0.299031888553816 0.272163721425656
3.375 -0.090902938916592 -0.359122118314565 0.348069176068944
3.4375 -0.090832663456608 -0.235381685008785 0.205054365867722
3.5 -0.0872029631954298 0.136568283284207 0.237243540157075
3.5625 -0.0802799313861428 0.216659445455667 0.0699973735138064
3.625 -0.0704455338894665 -0.0156307360613312 0.148843226941165
3.6875 -0.0581794832258203 0.0343120288627767 0.192590146874194
3.75 -0.0440380707915325 0.193084366731751 0.0712445336116302
3.8125 -0.0286308177202779 0.160161051145765 -0.18207734492094
3.875 -0.0125958613224654 -0.0316796412931866 -0.388380739953911
3.9375 0.00342498392979411 -0.0268443959333651 -0.22737484790958
4 0.0188105643510577 -0.0300082618850609 0.168354291808133
4.0625 0.0329832431512421 -0.0526752428785769 0.24153630514168
4.125 0.0454294706206773 -0.0743725970086387 0.287191596283868
4.1875 0.0557173685022419 -0.110439768320525 0.116633474364559
4.25 0.0635107559947318 -0.236893649462328 -0.0837555617165551
4.3125 0.0685791901798789 -0.178020858805302 -0.0928616458257136
4.375 0.070803751347204 -0.157216066144718 -0.171895298667701
4.4375 0.0701784676838464 -0.063413454326239 0.00280581618721062
4.5 0.0668074379629769 0.0546595062202474 0.562106847328286
4.5625 0.0608978691774644 -0.0905567320759217 0.421982775748858
4.625 0.0527493928274284 -0.14641198032076 0.194084309953135
4.6875 0.0427401536157265 -0.301244662306602 -0.0495599260810232
4.75 0.0313102731811599 -0.244308675940493 0.0556347773564372
4.8125 0.0189433756156759 0.068492469514082 0.0457198353188685
4.875 0.00614691826005033 0.147686307888122 0.0857759653524953
4.9375 -0.0065679008970271 0.0421579061782878 0.0249165066319226
5 -0.0187058894300283 0.0303005730189028 -0.160960449282049
5.0625 -0.0298065207739797 0.230372508106453 0.278546408701501
5.125 -0.0394608263731286 -0.275284330852225 0.171238260737976
5.1875 -0.0473259190908169 -0.212824544128462 -0.0517151593825172
5.25 -0.0531366497653419 0.22578800133162 0.0128503521795083
5.3125 -0.0567140178642349 0.505058590121095 0.258094401790107
5.375 -0.0579700880717816 0.166231352596652 0.459676443864035
5.4375 -0.056909302209674 0.0466653475326323 0.508287809274225
5.5 -0.0536262148496364 -0.210959382638858 0.178031561372826
5.5625 -0.0482998160841104 -0.590303200648551 -0.19947818374481
5.625 -0.0411847311694333 -0.215095424625127 -0.419387714618487
5.6875 -0.0325996995597582 -0.11366842741214 -0.209109163042023
5.75 -0.0229138312097444 0.429289791871624 -0.214653963353715
5.8125 -0.0125312126665159 0.426270698751446 0.312993209286072
5.875 -0.00187448696009821 0.367116779833797 0.311019128612479
5.9375 0.00863194188538073 0.364497356161703 0.360584603167771
6 0.0185784273252983 0.177343229826249 -0.109891038123569
6.0625 0.0275856926304252 -0.254603841896832 -0.426138310251392
6.125 0.0353189547500913 -0.195704991179705 -0.495375531392745
6.1875 0.0415000454760444 -0.450618395406467 -0.541030512140577
6.25 0.0459171021455705 -0.670659552801857 0.103005694014258
6.3125 0.0484315013349286 -0.671110686173412 0.423176983687481
6.375 0.0489818208462241 -0.744726953668414 0.386029515833391
6.4375 0.0475847333396044 -0.768539780453068 0.0445914784336005
6.5 0.0443328546036451 -0.675640943523252 -0.225824943905068
6.5625 0.0393896861009348 -0.626829019573039 -0.299560025647249
6.625 0.0329819006732524 -0.666918057965669 -0.249538602657039
6.6875 0.0253893180946274 -0.270569426979899 -0.0323147461291989
6.75 0.016932999975582 0.104655418475814 0.0698134960765686
6.8125 0.00796195843091271 0.140774725413258 -0.0295365215183869
6.875 -0.00116098226096186 0.350947952765253 -0.117662246982629
6.9375 -0.0100736084425818 0.130659370978636 -0.216246946856783
7 -0.0184284604276337 0.271021779631413 -0.14623236018553
7.0625 -0.0259061529405878 0.106584763956543 -0.159739315896813
7.125 -0.032227370155317 -0.105128741064135 -0.153781763169108
7.1875 -0.0371630925089163 -0.397919389841099 -0.161840125476515
7.25 -0.0405426882260306 -0.665877507744897 -0.276834014188142
7.3125 -0.0422595911750517 -0.707750554871575 -0.10782079273634
7.375 -0.0422743846776534 -0.460702503285744 -0.0947154640447818
7.4375 -0.0406152142918708 -0.171313811949841 -0.204783845501113
7.5 -0.0373755573224893 0.124202395386845 -0.421615097358245
7.5625 -0.0327094788266464 0.0540894249214052 -0.2145300596646
7.625 -0.026824599287744 -0.242684340713079 0.345077203077741
7.6875 -0.0199730843490288 -0.157307457864475 0.470837523989627
7.75 -0.0124410388959584 0.16305711734 0.613801697237394
7.8125 -0.00453674377845848 0.313172786439702 0.338385938331809
7.875 0.00342178835538511 0.277223286765866 -0.214650716071248
7.9375 0.0111194424952961 0.197379944798415 -0.236349440211406
8 0.0182563207018444 -0.275707666504793 -0.302801507502744
