0 1 0.980136838770161 0.983242106255542
0.0625 0.993336561920993 0.975697671523699 0.973966791667244
0.125 0.973505970818247 0.96542003979489 0.959519946862008
0.1875 0.940982839425953 0.940728262948247 0.956438840928529
0.25 0.896543141606183 0.901068554326234 0.923617893570598
0.3125 0.841242132050784 0.854588400522954 0.815993724759379
0.375 0.77638439886155 0.787151434068683 0.827865465286677
0.4375 0.703486976094622 0.733788621960167 0.710697930000744
0.5 0.624236655516739 0.636966476604271 0.710543053021748
0.5625 0.54044281190754 0.581335286268761 0.734168569509954
0.625 0.453987188647396 0.499175479732332 0.544908985652201
0.6875 0.366772175883855 0.379017840729222 0.28712846380649
0.75 0.280669149673932 0.255916584637276 0.0226416287522337
0.8125 0.197468426212242 0.195300949233644 0.29470611767246
0.875 0.11883232131598 0.130814793331346 0.193032378578137
0.9375 0.0462526941369246 0.0353918447563368 0.258212965916739
1 -0.0189858004402204 -0.0430546817154781 0.231768658643956
1.0625 -0.0758357187017175 -0.0896403701655513 -0.0258981616012598
1.125 -0.123509286079887 -0.113190012278365 0.060993086716396
1.1875 -0.161492745475377 -0.16134089933063 -0.0389210506445938
1.25 -0.189552298092967 -0.249770417432996 -0.340840414795781
1.3125 -0.207731608437723 -0.253755668935249 -0.281190492180902
1.375 -0.216341112247123 -0.233185477861662 0.00289249852723983
1.4375 -0.215939622126092 -0.216911244049402 0.17813881456127
1.5 -0.207308962173396 -0.210754711032095 0.354276567061331
1.5625 -0.191422572339956 -0.198650928871112 0.207365982190118
1.625 -0.16940919902848 -0.172985924167407 -0.0580395370359122
1.6875 -0.142512925117293 -0.150759406685191 -0.36312375130176
1.75 -0.112050886133071 -0.1254371246838 0.129680984863019
1.8125 -0.0793700671711492 -0.0776183604440486 -0.017563315013328
1.875 -0.0458045764041148 -0.0513075947331527 -0.209280792966644
1.9375 -0.0126347462544318 -0.107633607927285 0.30871242830145
2 0.0189506752894911 -0.0874651602406507 0.301743239691345
2.0625 0.0478881095271501 0.0484539965950131 -0.0690272381329942
2.125 0.0732675384192042 0.0800229269199855 -0.293978412741167
2.1875 0.0943549260235616 0.102664421732905 -0.313226797142961
2.25 0.11060810889399 0.131637843536205 0.429024877079672
2.3125 0.121685824206695 0.147837471819392 0.556855498517058
2.375 0.127449780717293 0.151316008474547 0.540867677523195
2.4375 0.127959912318117 0.152590210161081 0.348366798524467
2.5 0.123463179003572 0.134691053611804 0.236650650925412
2.5625 0.114376487953183 0.110283455373377 0.321196838241778
2.625 0.101264491410236 0.109933522758446 0.283711108147955
2.6875 0.0848131722056829 0.0847633772169078 0.302226467629526
2.75 0.0658002474153715 0.0754724223316262 0.490281865241437
2.8125 0.045063502281667 0.0617185424002453 0.473137578688739
2.875 0.0234682080935576 0.0212212599122225 0.493737730330559
2.9375 0.00187477854765593 0.0685396791091916 0.208766118774765
3 -0.0188922200171502 0.0484794113094185 -0.110268569971695
3.0625 -0.0380726660471948 -0.0439466389238621 0.0697510130418134
3.125 -0.0549961606825058 -0.0630781247696463 0.0821483101655608
3.1875 -0.0691032000143584 -0.0680961589668195 0.214282805410146
3.25 -0.0799616208231879 -0.0739790944761201 0.429441540754662
3.3125 -0.087277882100372 -0.0979097614993009 0.438321379164085
3.375 -0.090902938916592 -0.103070580358646 0.314529434709824
3.4375 -0.090832663456608 -0.113767053486226 0.0167463032258441
3.5 -0.0872029631954298 -0.109417031889824 0.0295886855996632
3.5625 -0.0802799313861428 -0.0909544505767474 0.0157068778597451
3.625 -0.0704455338894665 -0.0633030871831036 -0.0521389366066576
3.6875 -0.0581794832258203 -0.0637276005456754 0.0259574648325897
3.75 -0.0440380707915325 -0.0558585529440485 0.46749289808213
3.8125 -0.0286308177202779 -0.0325040671284733 0.545905639226986
3.875 -0.0125958613224654 -0.0512688838431268 0.209028906413516
3.9375 0.00342498392979411 -0.0197489906092149 0.196390144537571
4 0.0188105643510577 0.0310331620936279 0.299448157140063
4.0625 0.0329832431512421 0.0424489961571537 0.431190987903779
4.125 0.0454294706206773 0.0550662077828505 0.386420474361532
4.1875 0.0557173685022419 0.0637593597457631 0.356775301231283
4.25 0.0635107559947318 0.072902233821028 0.420466779620586
4.3125 0.0685791901798789 0.0606118750257317 0.381250607347168
4.375 0.070803751347204 0.0578798679024773 0.247545583325334
4.4375 0.0701784676838464 0.0715238605538262 0.624058642305891
4.5 0.0668074379629769 0.0695508528686786 0.653583682460217
4.5625 0.0608978691774644 0.0534304547448041 0.0511631649533902
4.625 0.0527493928274284 0.0541365779812815 0.204066950136932
4.6875 0.0427401536157265 0.0418971249999077 0.272004038326927
4.75 0.0313102731811599 0.0292177543474847 0.0788842395654418
4.8125 0.0189433756156759 0.0296406885788611 0.247480065201941
4.875 0.00614691826005033 0.127292257686088 0.315535937287833
4.9375 -0.0065679008970271 0.0691043610189936 0.346271067917834
5 -0.0187058894300283 -0.0199777890102845 0.2688352444964
5.0625 -0.0298065207739797 -0.0201058647471907 0.0795688214372975
5.125 -0.0394608263731286 -0.0385991573974099 0.0433388893483887
5.1875 -0.0473259190908169 -0.0535578210991561 0.0185002149992253
5.25 -0.0531366497653419 -0.0683318368157157 -0.20245203757077
5.3125 -0.0567140178642349 -0.0724434056935332 0.0211160691750061
5.375 -0.0579700880717816 -0.0548683714025065 0.129533985772738
5.4375 -0.056909302209674 -0.052334529609656 0.053646528007416
5.5 -0.0536262148496364 -0.0621109040485802 0.00544201142375975
5.5625 -0.0482998160841104 -0.0603688259369892 0.180148176846195
5.625 -0.0411847311694333 -0.0509295139322134 -0.0791407477043162
5.6875 -0.0325996995597582 -0.0346497960568546 0.00475009388439761
5.75 -0.0229138312097444 -0.0212735285307062 0.307355497366993
5.8125 -0.0125312126665159 -0.00429214793908512 0.202759196646814
5.875 -0.00187448696009821 0.106792567035027 -0.152020381612495
5.9375 0.00863194188538073 0.160126402183966 -0.106366170989584
6 0.0185784273252983 0.031411304797667 0.19058373446371
6.0625 0.0275856926304252 0.0172476701506462 0.103098086005899
6.125 0.0353189547500913 0.037978939832082 0.114410972759804
6.1875 0.0415000454760444 0.0451661104876549 0.131105251657524
6.25 0.0459171021455705 0.041808115797082 0.0363202674003184
6.3125 0.0484315013349286 0.0639619765032642 -0.181674244260222
6.375 0.0489818208462241 0.0497531618273182 -0.295440542956833
6.4375 0.0475847333396044 0.0398194206644123 0.256517551736256
6.5 0.0443328546036451 0.0405174564464729 -0.0425064609923665
6.5625 0.0393896861009348 0.0385691351852462 0.367335447460658
6.625 0.0329819006732524 0.0403547143858181 0.0325601874166944
6.6875 0.0253893180946274 0.0283953368597717 -0.191526544366137
6.75 0.016932999975582 0.0332255961029155 -0.113433079838686
6.8125 0.00796195843091271 0.241657339284296 -0.416433780864238
6.875 -0.00116098226096186 0.133700413226112 -0.35026495643612
6.9375 -0.0100736084425818 -0.0171292712332099 0.075250228971376
7 -0.0184284604276337 -0.0123249938479015 0.125667042507155
7.0625 -0.0259061529405878 -0.0264904138569329 0.354467219031363
7.125 -0.032227370155317 -0.0234909107948855 0.454498998255866
7.1875 -0.0371630925089163 -0.0414760269103016 0.0753335202346105
7.25 -0.0405426882260306 -0.04472026762684 -0.151959190485699
7.3125 -0.0422595911750517 -0.0529383922870107 0.0551764858010839
7.375 -0.0422743846776534 -0.0521573181753462 -0.00862018440291462
7.4375 -0.0406152142918708 -0.0378248755719831 -0.0739197049705782
7.5 -0.0373755573224893 -0.0292140499285934 0.0879785267250967
7.5625 -0.0327094788266464 -0.0314309538598733 0.0893635297072582
7.625 -0.026824599287744 -0.0345730799455236 -0.210046911767568
7.6875 -0.0199730843490288 -0.0202040047498694 -0.0718403131986117
7.75 -0.0124410388959584 -0.0786774962372153 -0.0163898394834607
7.8125 -0.00453674377845848 -0.340123192395534 -0.177714363900824
7.875 0.00342178835538511 -0.259773549274774 0.24307168263576
7.9375 0.0111194424952961 -0.00321553120494788 -0.0760859805476725
8 0.0182563207018444 0.0133628939620974 -0.411105765845254
